41 39 36 34 32 31 29 30 27 23 25 25 24 20 21 22 18 20 17 18
42 41 38 39 34 33 33 32 32 32 28 26 27 28 26 24 25 23 22 21
40 38 38 35 36 37 33 34 33 30 30 29 29 31 26 28 27 27 25 26
37 38 36 38 36 35 34 31 32 32 34 31 30 32 29 29 27 23 29 27
35 38 34 37 34 35 32 32 33 33 30 33 30 31 31 29 25 28 27 26
37 34 34 36 35 33 34 34 33 32 32 33 29 29 31 30 30 28 28 27
36 34 32 34 32 34 34 32 32 31 33 32 31 30 32 31 31 30 27 26
34 33 33 34 34 33 33 32 34 29 32 29 30 31 30 29 30 30 29 28
30 31 35 30 33 29 31 29 34 29 31 29 31 30 30 29 29 30 27 28
33 31 32 32 25 32 30 30 29 31 28 30 27 29 29 28 30 28 30 26
30 32 30 32 32 27 30 30 29 31 28 28 29 29 28 29 26 29 28 27
32 31 30 33 31 29 29 27 30 29 31 31 28 28 28 28 28 27 26 23
29 31 30 27 29 30 30 29 29 28 29 29 27 30 27 28 28 26 27 26
29 30 31 31 29 29 30 26 30 29 27 29 27 28 26 28 27 26 26 25
28 28 28 29 29 28 28 31 25 29 29 28 28 26 28 26 26 26 23 28
28 29 27 28 28 24 27 28 27 27 29 29 28 27 27 26 28 24 26 25
26 25 26 27 27 29 25 29 27 25 25 23 29 27 28 28 26 25 26 27
25 28 26 24 27 27 26 29 27 28 25 28 28 29 25 25 28 26 27 28
28 28 29 27 23 29 26 28 30 26 26 27 29 26 28 25 25 29 24 26
25 26 27 26 25 27 29 27 27 26 26 27 27 25 26 26 27 26 23 27
